attr = 8 , val = 0
		attr = 4 , val = 0
				attr = 3 , val = 0

						[1, 3, 0, 0, 0, 2, 0, 1, 0, 1] - 0

				attr = 3 , val = 1
						attr = 1 , val = 2

								[1, 2, 0, 1, 0, 1, 0, 3, 0, 2] - 1

						attr = 1 , val = 3

								[1, 3, 3, 1, 0, 1, 2, 3, 0, 0] - 0

				attr = 3 , val = 2

						[0, 2, 0, 2, 0, 1, 1, 2, 0, 1] - 1

				attr = 3 , val = 3

						[3, 3, 2, 3, 0, 0, 2, 2, 0, 0] - 1
						[2, 1, 2, 3, 0, 1, 1, 3, 0, 2] - 1

		attr = 4 , val = 1
				attr = 3 , val = 0

						[1, 2, 1, 0, 1, 1, 1, 3, 0, 2] - 1
						[2, 0, 3, 0, 1, 1, 2, 3, 0, 1] - 1
						[1, 1, 0, 0, 1, 3, 3, 2, 0, 3] - 1

				attr = 3 , val = 1

						[3, 2, 2, 1, 1, 1, 1, 3, 0, 0] - 1
						[2, 2, 2, 1, 1, 1, 1, 0, 0, 0] - 1

				attr = 3 , val = 2

						[0, 2, 0, 2, 1, 1, 3, 1, 0, 0] - 1
						[0, 2, 0, 2, 1, 1, 0, 3, 0, 3] - 1

				attr = 3 , val = 3

						[2, 1, 1, 3, 1, 3, 0, 2, 0, 2] - 0

		attr = 4 , val = 2
				attr = 3 , val = 0

						[3, 0, 2, 0, 2, 3, 3, 1, 0, 0] - 0
						[1, 0, 2, 0, 2, 1, 3, 1, 0, 0] - 0
						[0, 2, 0, 0, 2, 2, 2, 2, 0, 3] - 0

				attr = 3 , val = 1

						[2, 3, 1, 1, 2, 2, 3, 1, 0, 1] - 0

				attr = 3 , val = 2

						[1, 0, 2, 2, 2, 0, 0, 3, 0, 2] - 1
						[1, 1, 2, 2, 2, 0, 1, 2, 0, 2] - 1

				attr = 3 , val = 3

						[2, 3, 3, 3, 2, 2, 3, 2, 0, 0] - 0

		attr = 4 , val = 3
				attr = 3 , val = 0

						[0, 1, 2, 0, 3, 0, 2, 0, 0, 2] - 1
						[2, 2, 1, 0, 3, 2, 3, 2, 0, 1] - 1

				attr = 3 , val = 1
						attr = 0 , val = 0

								[0, 2, 1, 1, 3, 0, 2, 0, 0, 2] - 0

						attr = 0 , val = 2

								[2, 2, 2, 1, 3, 3, 1, 1, 0, 2] - 1

				attr = 3 , val = 2

						[3, 0, 2, 2, 3, 2, 3, 3, 0, 2] - 0
						[2, 0, 2, 2, 3, 0, 1, 3, 0, 3] - 0

				attr = 3 , val = 3
						attr = 1 , val = 0

								[3, 0, 0, 3, 3, 2, 3, 3, 0, 2] - 1

						attr = 1 , val = 2

								[2, 2, 2, 3, 3, 1, 0, 3, 0, 0] - 0

						attr = 1 , val = 3

								[2, 3, 3, 3, 3, 0, 2, 0, 0, 0] - 1

attr = 8 , val = 1
		attr = 5 , val = 0
				attr = 3 , val = 0

						[3, 1, 3, 0, 3, 0, 3, 0, 1, 3] - 0
						[0, 3, 2, 0, 1, 0, 2, 0, 1, 1] - 0
						[1, 2, 3, 0, 2, 0, 1, 2, 1, 0] - 0

				attr = 3 , val = 2

						[1, 1, 3, 2, 0, 0, 3, 3, 1, 3] - 1

				attr = 3 , val = 3

						[2, 3, 3, 3, 2, 0, 2, 3, 1, 0] - 0
						[3, 0, 2, 3, 2, 0, 2, 2, 1, 1] - 0

		attr = 5 , val = 1
				attr = 9 , val = 0
						attr = 2 , val = 1

								[3, 1, 1, 3, 2, 1, 2, 2, 1, 0] - 0
								[0, 3, 1, 1, 2, 1, 0, 3, 1, 0] - 0

						attr = 2 , val = 2

								[0, 1, 2, 3, 2, 1, 2, 2, 1, 0] - 1

						attr = 2 , val = 3

								[2, 3, 3, 0, 1, 1, 2, 3, 1, 0] - 1

				attr = 9 , val = 1

						[1, 0, 3, 0, 3, 1, 0, 3, 1, 1] - 0

				attr = 9 , val = 2
						attr = 1 , val = 1

								[3, 1, 3, 2, 1, 1, 2, 3, 1, 2] - 0

						attr = 1 , val = 2

								[3, 2, 0, 3, 2, 1, 2, 3, 1, 2] - 1

						attr = 1 , val = 3

								[0, 3, 0, 1, 1, 1, 3, 0, 1, 2] - 0

				attr = 9 , val = 3

						[3, 3, 3, 1, 0, 1, 1, 2, 1, 3] - 1
						[1, 0, 3, 1, 2, 1, 1, 0, 1, 3] - 1
						[1, 0, 3, 0, 2, 1, 3, 1, 1, 3] - 1

		attr = 5 , val = 2
				attr = 0 , val = 0

						[0, 1, 1, 1, 0, 2, 1, 0, 1, 3] - 0

				attr = 0 , val = 1

						[1, 0, 0, 0, 3, 2, 2, 2, 1, 3] - 1

				attr = 0 , val = 2

						[2, 1, 0, 3, 0, 2, 3, 2, 1, 2] - 1
						[2, 2, 3, 3, 3, 2, 1, 2, 1, 3] - 1

				attr = 0 , val = 3

						[3, 3, 2, 1, 0, 2, 2, 1, 1, 2] - 1
						[3, 0, 1, 2, 2, 2, 2, 2, 1, 2] - 1

		attr = 5 , val = 3
				attr = 7 , val = 1

						[3, 2, 3, 3, 0, 3, 0, 1, 1, 2] - 0

				attr = 7 , val = 2

						[3, 2, 1, 0, 3, 3, 0, 2, 1, 3] - 1
						[2, 3, 0, 3, 3, 3, 2, 2, 1, 0] - 1

				attr = 7 , val = 3

						[3, 2, 0, 0, 0, 3, 0, 3, 1, 1] - 1
						[1, 1, 3, 3, 3, 3, 0, 3, 1, 1] - 1

attr = 8 , val = 2
		attr = 6 , val = 0
				attr = 0 , val = 1

						[1, 3, 3, 0, 0, 0, 0, 2, 2, 1] - 1
						[1, 2, 0, 1, 1, 1, 0, 2, 2, 3] - 1

				attr = 0 , val = 3

						[3, 1, 3, 2, 0, 2, 0, 2, 2, 3] - 0
						[3, 1, 0, 1, 3, 0, 0, 2, 2, 1] - 0

		attr = 6 , val = 1
				attr = 4 , val = 0

						[0, 3, 0, 0, 0, 3, 1, 0, 2, 3] - 1
						[3, 2, 1, 2, 0, 3, 1, 3, 2, 1] - 1
						[1, 1, 3, 0, 0, 1, 1, 1, 2, 2] - 1

				attr = 4 , val = 1

						[1, 0, 3, 1, 1, 3, 1, 0, 2, 3] - 0

				attr = 4 , val = 3

						[2, 0, 3, 1, 3, 3, 1, 1, 2, 2] - 1

		attr = 6 , val = 2

				[2, 2, 2, 3, 1, 2, 2, 2, 2, 2] - 0
				[3, 2, 0, 1, 2, 2, 2, 2, 2, 0] - 0
				[2, 0, 2, 2, 1, 1, 2, 0, 2, 1] - 0
				[3, 1, 0, 0, 2, 1, 2, 2, 2, 1] - 0

		attr = 6 , val = 3

				[1, 0, 0, 3, 0, 2, 3, 1, 2, 3] - 0

attr = 8 , val = 3
		attr = 9 , val = 0
				attr = 1 , val = 0

						[3, 0, 1, 0, 1, 2, 0, 1, 3, 0] - 1

				attr = 1 , val = 1

						[3, 1, 0, 1, 0, 2, 1, 3, 3, 0] - 0

				attr = 1 , val = 2

						[2, 2, 0, 2, 1, 2, 1, 3, 3, 0] - 0

				attr = 1 , val = 3

						[0, 3, 0, 2, 0, 1, 3, 0, 3, 0] - 0
						[2, 3, 0, 3, 3, 3, 1, 1, 3, 0] - 0
						[3, 3, 2, 0, 2, 3, 0, 2, 3, 0] - 0
						[2, 3, 3, 1, 3, 3, 2, 2, 3, 0] - 0

		attr = 9 , val = 1
				attr = 4 , val = 0

						[0, 0, 3, 2, 0, 2, 1, 0, 3, 1] - 1

				attr = 4 , val = 1

						[3, 2, 3, 3, 1, 2, 2, 3, 3, 1] - 0

				attr = 4 , val = 2

						[3, 0, 0, 2, 2, 2, 3, 0, 3, 1] - 0
						[0, 3, 0, 1, 2, 0, 1, 1, 3, 1] - 0

				attr = 4 , val = 3

						[3, 0, 0, 3, 3, 1, 0, 2, 3, 1] - 0
						[1, 2, 3, 1, 3, 1, 3, 0, 3, 1] - 0

		attr = 9 , val = 2

				[2, 0, 0, 0, 1, 0, 3, 2, 3, 2] - 0
				[0, 3, 1, 1, 1, 0, 3, 2, 3, 2] - 0
				[0, 2, 1, 2, 1, 1, 1, 1, 3, 2] - 0

		attr = 9 , val = 3
				attr = 0 , val = 0

						[0, 2, 2, 0, 2, 2, 2, 0, 3, 3] - 0
						[0, 2, 0, 1, 3, 1, 1, 0, 3, 3] - 0
						[0, 2, 2, 0, 1, 0, 2, 3, 3, 3] - 0
						[0, 0, 0, 0, 0, 3, 1, 0, 3, 3] - 0

				attr = 0 , val = 1

						[1, 0, 1, 0, 0, 1, 2, 3, 3, 3] - 1
						[1, 0, 1, 0, 0, 1, 1, 3, 3, 3] - 1

				attr = 0 , val = 2

						[2, 3, 3, 3, 3, 2, 0, 1, 3, 3] - 1
						[2, 2, 0, 3, 1, 2, 2, 0, 3, 3] - 1

				attr = 0 , val = 3
						attr = 2 , val = 0

								[3, 0, 0, 1, 3, 1, 0, 1, 3, 3] - 0

						attr = 2 , val = 1

								[3, 0, 1, 2, 2, 1, 0, 1, 3, 3] - 1

						attr = 2 , val = 2

								[3, 0, 2, 1, 0, 2, 3, 2, 3, 3] - 1
								[3, 3, 2, 3, 1, 3, 3, 3, 3, 3] - 1

